Example1:
 mean= [ 0.654635 0.001411 -0.755461; 0.755945 0.999999 0.655193]
mean1 = [ 0.99301 -0.043234 -0.994146 ; -0.03783 0.999065 0.108046]

Example2 :
mean1 = [ -0.668289 0.256005 -0.106707; 0.743902 0.966675 0.994291]
mean2 = [ -0.994146 0.962381 -0.146373; 0.108046 0.271703 0.989299]
mean3 = [ -0.994146 0.999301 -0.0432234; 0.108046 -0.037383 0.999065]

